qi
74.9
75.9
77.6
81.4
81.5
83.0
84.3
84.4
85.7
87.3
87.5
87.7
88.2
88.2
88.8
89.3
89.6
90.4
90.9
91.4
91.7
92.0
92.3
92.3
92.5
92.8
93.4
93.5
93.6
93.6
94.3
94.3
94.6
95.5
95.6
95.6
95.7
95.8
96.4
96.5
96.5
96.6
96.7
98.7
98.9
98.9
99.2
99.2
100.0 
100.0
100.9
101.0
101.2
101.7
101.9
102.1
102.2
102.3
102.6
102.6
102.8
102.9
103.2
104.1
104.2
104.4
104.8
104.8
104.8
104.9
105.4
105.8
106.1
106.2
106.3
106.7
106.9
107.1
107.6
108.1
108.2
108.3
108.4
108.5
109.9
110.2
110.9
111.3
111.3
111.5
112.4
112.9
113.5
113.5
114.7
116.7
117.7
121.7

